Accuracy : 0.2564
Hamming Loss : 0.0027

Micro-average quality numbers
Precision: 0.7285, Recall: 0.3982, F1-measure: 0.5150

Macro-average quality numbers
Precision: 0.5789, Recall: 0.3177, F1-measure: 0.3966

Classification Report:
              precision    recall  f1-score   support

           0       0.69      0.35      0.47      7774
           1       0.81      0.50      0.62      6759
           2       0.86      0.58      0.69      6615
           3       0.75      0.46      0.57      6097
           4       0.95      0.79      0.86      5367
           5       0.88      0.65      0.75      5263
           6       0.84      0.53      0.65      3358
           7       0.88      0.64      0.74      3112
           8       0.72      0.45      0.55      3156
           9       0.82      0.45      0.58      2950
          10       0.86      0.64      0.74      2788
          11       0.58      0.25      0.35      2792
          12       0.63      0.16      0.25      2745
          13       0.61      0.33      0.43      2276
          14       0.62      0.27      0.37      2252
          15       0.64      0.36      0.46      2240
          16       0.79      0.58      0.67      2233
          17       0.66      0.30      0.41      2050
          18       0.78      0.61      0.68      1863
          19       0.41      0.11      0.18      1606
          20       0.70      0.32      0.44      1624
          21       0.60      0.36      0.45      1261
          22       0.77      0.45      0.56      1204
          23       0.91      0.62      0.74      1084
          24       0.67      0.49      0.57      1052
          25       0.71      0.43      0.54      1075
          26       0.38      0.09      0.14       947
          27       0.88      0.70      0.78      1028
          28       0.61      0.26      0.37       950
          29       0.64      0.37      0.47       961
          30       0.65      0.23      0.34       906
          31       0.95      0.77      0.85       915
          32       0.62      0.34      0.44       858
          33       0.53      0.29      0.38       837
          34       0.86      0.38      0.53       768
          35       0.76      0.59      0.66       725
          36       0.76      0.66      0.70       755
          37       0.72      0.55      0.62       693
          38       0.41      0.16      0.23       714
          39       0.69      0.35      0.46       703
          40       0.39      0.12      0.19       644
          41       0.44      0.21      0.28       622
          42       0.69      0.47      0.56       646
          43       0.41      0.15      0.22       628
          44       0.65      0.29      0.41       577
          45       0.71      0.34      0.46       566
          46       0.70      0.34      0.46       590
          47       0.54      0.17      0.26       589
          48       0.81      0.42      0.56       527
          49       0.92      0.70      0.79       565
          50       0.36      0.12      0.18       541
          51       0.79      0.32      0.46       514
          52       0.57      0.03      0.06       500
          53       0.34      0.14      0.20       512
          54       0.66      0.46      0.54       484
          55       0.61      0.38      0.47       494
          56       0.45      0.17      0.25       475
          57       0.52      0.19      0.28       519
          58       0.54      0.19      0.28       510
          59       0.93      0.84      0.88       481
          60       0.80      0.52      0.63       487
          61       0.79      0.52      0.63       465
          62       0.93      0.69      0.79       472
          63       0.16      0.03      0.05       480
          64       0.82      0.57      0.67       488
          65       0.42      0.18      0.25       453
          66       0.76      0.51      0.61       428
          67       0.76      0.47      0.58       436
          68       0.80      0.29      0.42       451
          69       0.53      0.36      0.43       483
          70       0.68      0.29      0.41       441
          71       0.69      0.47      0.56       445
          72       0.62      0.39      0.48       432
          73       0.86      0.37      0.52       481
          74       0.35      0.04      0.07       456
          75       0.83      0.52      0.64       412
          76       0.92      0.67      0.78       427
          77       0.71      0.50      0.59       422
          78       0.63      0.43      0.51       409
          79       0.28      0.03      0.05       378
          80       0.84      0.59      0.69       386
          81       0.44      0.12      0.19       370
          82       0.66      0.28      0.40       372
          83       0.45      0.14      0.22       380
          84       0.68      0.40      0.51       356
          85       0.57      0.36      0.44       369
          86       0.80      0.53      0.64       338
          87       0.71      0.56      0.63       338
          88       0.87      0.55      0.67       355
          89       0.87      0.67      0.76       377
          90       0.73      0.23      0.35       329
          91       0.95      0.64      0.76       343
          92       0.95      0.57      0.71       314
          93       0.67      0.32      0.43       339
          94       0.74      0.56      0.64       351
          95       0.54      0.25      0.34       316
          96       0.63      0.19      0.29       315
          97       0.43      0.15      0.22       323
          98       0.68      0.45      0.54       326
          99       0.93      0.77      0.84       334
         100       0.85      0.76      0.81       291
         101       0.64      0.15      0.24       336
         102       0.90      0.63      0.74       318
         103       0.67      0.20      0.30       305
         104       0.53      0.29      0.38       294
         105       0.73      0.46      0.56       303
         106       0.92      0.61      0.74       300
         107       0.26      0.04      0.07       296
         108       0.78      0.54      0.64       305
         109       0.47      0.24      0.32       305
         110       0.26      0.03      0.05       322
         111       0.80      0.61      0.69       271
         112       0.92      0.74      0.82       297
         113       0.49      0.15      0.23       298
         114       0.41      0.13      0.20       327
         115       0.46      0.22      0.30       268
         116       0.64      0.28      0.39       288
         117       0.80      0.49      0.61       280
         118       0.65      0.19      0.29       281
         119       0.38      0.15      0.22       280
         120       0.45      0.16      0.24       287
         121       0.93      0.75      0.83       277
         122       0.63      0.50      0.56       259
         123       0.53      0.21      0.30       263
         124       0.39      0.09      0.14       256
         125       0.57      0.30      0.39       261
         126       0.36      0.11      0.17       260
         127       0.50      0.28      0.36       267
         128       0.40      0.13      0.20       257
         129       0.61      0.27      0.37       251
         130       0.96      0.86      0.91       244
         131       0.81      0.59      0.68       239
         132       0.52      0.13      0.21       257
         133       0.65      0.51      0.57       253
         134       0.55      0.38      0.45       256
         135       0.95      0.67      0.78       261
         136       0.69      0.24      0.35       238
         137       0.80      0.62      0.69       255
         138       0.61      0.49      0.54       247
         139       0.51      0.24      0.33       221
         140       0.20      0.05      0.07       221
         141       0.74      0.55      0.63       255
         142       0.47      0.19      0.27       226
         143       0.74      0.43      0.54       261
         144       0.46      0.18      0.26       252
         145       0.10      0.02      0.04       229
         146       0.76      0.45      0.57       260
         147       0.26      0.09      0.13       219
         148       0.53      0.35      0.42       227
         149       0.51      0.12      0.19       242
         150       0.61      0.36      0.46       247
         151       0.66      0.43      0.52       233
         152       0.88      0.69      0.77       217
         153       0.56      0.23      0.32       230
         154       0.60      0.01      0.02       241
         155       0.95      0.77      0.85       237
         156       0.36      0.22      0.27       221
         157       0.76      0.44      0.56       227
         158       0.33      0.09      0.14       209
         159       0.27      0.05      0.08       240
         160       0.32      0.12      0.18       237
         161       0.68      0.23      0.34       242
         162       0.55      0.15      0.24       225
         163       0.93      0.74      0.82       242
         164       0.72      0.48      0.58       213
         165       0.95      0.72      0.82       213
         166       0.53      0.12      0.19       232
         167       0.46      0.24      0.31       208
         168       0.53      0.31      0.39       210
         169       0.68      0.40      0.51       216
         170       0.94      0.75      0.83       230
         171       0.42      0.15      0.22       215
         172       0.65      0.19      0.29       220
         173       0.41      0.14      0.20       235
         174       0.58      0.36      0.44       221
         175       0.50      0.32      0.39       220
         176       0.44      0.18      0.26       238
         177       0.78      0.41      0.53       212
         178       0.71      0.50      0.59       223
         179       0.27      0.03      0.05       210
         180       0.79      0.61      0.69       203
         181       0.43      0.15      0.23       214
         182       0.21      0.04      0.07       199
         183       0.78      0.47      0.59       205
         184       0.79      0.44      0.57       223
         185       0.80      0.54      0.64       200
         186       0.27      0.05      0.09       214
         187       0.49      0.15      0.24       207
         188       0.71      0.46      0.56       185
         189       0.47      0.08      0.13       221
         190       0.77      0.54      0.63       206
         191       0.88      0.71      0.79       207
         192       0.25      0.05      0.08       176
         193       0.82      0.60      0.69       201
         194       0.64      0.36      0.46       226
         195       0.75      0.53      0.62       182
         196       0.62      0.38      0.47       192
         197       0.95      0.60      0.74       176
         198       0.65      0.44      0.53       183
         199       0.51      0.18      0.26       190
         200       0.84      0.68      0.75       189
         201       0.48      0.21      0.29       193
         202       0.89      0.74      0.81       170
         203       0.64      0.23      0.34       184
         204       0.45      0.18      0.26       190
         205       0.44      0.27      0.34       184
         206       0.97      0.76      0.85       196
         207       0.61      0.29      0.40       185
         208       0.22      0.07      0.10       192
         209       0.60      0.27      0.38       187
         210       0.27      0.04      0.07       187
         211       0.55      0.09      0.15       182
         212       0.62      0.44      0.51       194
         213       0.39      0.05      0.09       182
         214       0.46      0.13      0.20       206
         215       0.30      0.10      0.15       194
         216       0.94      0.80      0.87       201
         217       0.06      0.01      0.02       166
         218       0.24      0.05      0.09       192
         219       0.62      0.35      0.45       174
         220       0.42      0.17      0.24       174
         221       0.09      0.01      0.01       183
         222       0.30      0.09      0.14       193
         223       0.72      0.38      0.50       173
         224       0.27      0.11      0.16       150
         225       0.25      0.08      0.12       176
         226       0.55      0.31      0.40       183
         227       0.59      0.37      0.45       166
         228       0.80      0.45      0.58       175
         229       0.84      0.62      0.72       180
         230       0.92      0.84      0.88       156
         231       0.47      0.17      0.25       164
         232       0.56      0.35      0.43       155
         233       0.68      0.42      0.52       197
         234       0.55      0.21      0.30       187
         235       0.72      0.53      0.61       186
         236       0.35      0.11      0.17       170
         237       0.36      0.10      0.16       159
         238       0.94      0.73      0.82       171
         239       0.00      0.00      0.00       177
         240       0.70      0.54      0.61       181
         241       0.60      0.17      0.26       154
         242       0.52      0.37      0.43       137
         243       0.42      0.19      0.26       154
         244       0.43      0.17      0.24       160
         245       0.26      0.04      0.06       142
         246       0.72      0.32      0.45       157
         247       0.47      0.13      0.20       149
         248       0.33      0.03      0.05       185
         249       0.66      0.13      0.22       159
         250       0.09      0.02      0.03       133
         251       0.77      0.54      0.63       154
         252       0.53      0.18      0.26       148
         253       0.70      0.36      0.48       138
         254       0.54      0.35      0.42       147
         255       0.56      0.33      0.42       133
         256       0.12      0.01      0.02       153
         257       0.80      0.54      0.64       151
         258       0.62      0.43      0.51       152
         259       0.77      0.50      0.61       161
         260       0.57      0.36      0.44       129
         261       0.83      0.60      0.70       141
         262       0.87      0.71      0.78       141
         263       0.78      0.46      0.58       150
         264       0.24      0.03      0.05       142
         265       0.76      0.52      0.62       149
         266       0.91      0.69      0.78       137
         267       0.61      0.49      0.55       150
         268       0.49      0.18      0.26       135
         269       0.77      0.45      0.57       135
         270       0.12      0.01      0.02       118
         271       0.31      0.08      0.13       151
         272       0.51      0.21      0.30       136
         273       0.76      0.47      0.58       146
         274       0.75      0.34      0.46       157
         275       0.75      0.37      0.50       143
         276       0.17      0.02      0.04       141
         277       0.67      0.39      0.49       150
         278       0.80      0.53      0.64       131
         279       0.36      0.11      0.17       124
         280       0.97      0.77      0.86       143
         281       0.58      0.20      0.30       147
         282       0.39      0.17      0.24       140
         283       0.00      0.00      0.00       133
         284       0.78      0.43      0.55       133
         285       0.64      0.45      0.53       131
         286       0.70      0.30      0.42       128
         287       0.92      0.77      0.84       124
         288       0.43      0.09      0.15       133
         289       0.00      0.00      0.00       137
         290       0.58      0.23      0.33       152
         291       0.57      0.28      0.38       137
         292       0.30      0.13      0.18       103
         293       0.65      0.39      0.49       135
         294       0.36      0.13      0.19       124
         295       0.81      0.39      0.52       153
         296       0.12      0.01      0.01       132
         297       0.32      0.07      0.12       127
         298       0.73      0.35      0.47       123
         299       0.42      0.13      0.20       137
         300       0.62      0.41      0.49       123
         301       0.39      0.16      0.22       140
         302       0.70      0.40      0.51       123
         303       0.61      0.47      0.53       108
         304       0.00      0.00      0.00       118
         305       0.51      0.23      0.31       123
         306       0.76      0.43      0.55       119
         307       0.95      0.62      0.75       111
         308       0.43      0.22      0.29       116
         309       0.62      0.38      0.47       132
         310       0.00      0.00      0.00       111
         311       0.40      0.10      0.16       124
         312       0.92      0.69      0.79       124
         313       0.55      0.37      0.44       128
         314       0.62      0.32      0.43       111
         315       0.77      0.57      0.65       126
         316       0.34      0.08      0.13       121
         317       0.42      0.16      0.23       108
         318       0.31      0.04      0.07       132
         319       0.47      0.07      0.12       121
         320       0.35      0.10      0.16       107
         321       0.66      0.35      0.46       128
         322       0.82      0.61      0.70       127
         323       0.00      0.00      0.00       114
         324       0.67      0.41      0.51       124
         325       0.45      0.07      0.12       127
         326       0.91      0.70      0.79        99
         327       0.52      0.21      0.30       127
         328       0.87      0.70      0.77       103
         329       0.08      0.01      0.01       122
         330       0.32      0.10      0.15       105
         331       0.70      0.43      0.53       117
         332       0.29      0.06      0.10       120
         333       0.53      0.07      0.12       118
         334       0.56      0.27      0.36       135
         335       0.90      0.67      0.77       105
         336       0.37      0.09      0.15       107
         337       0.27      0.03      0.05       102
         338       0.42      0.11      0.17       121
         339       0.39      0.18      0.24       118
         340       0.83      0.46      0.59       116
         341       0.83      0.47      0.60       104
         342       0.25      0.02      0.03       108
         343       0.43      0.13      0.20       116
         344       0.47      0.15      0.23       110
         345       0.35      0.06      0.11       126
         346       0.68      0.16      0.26       119
         347       0.51      0.32      0.39       113
         348       0.60      0.17      0.26       127
         349       0.39      0.26      0.31       105
         350       0.11      0.02      0.03        98
         351       0.55      0.33      0.42       108
         352       0.09      0.01      0.02       104
         353       0.66      0.40      0.50       100
         354       0.48      0.26      0.34       120
         355       0.39      0.19      0.25        90
         356       0.49      0.21      0.29       119
         357       0.75      0.47      0.58       116
         358       0.55      0.18      0.27       102
         359       0.33      0.11      0.16       112
         360       0.64      0.39      0.48       119
         361       0.67      0.28      0.40       114
         362       0.78      0.56      0.65       108
         363       0.63      0.34      0.44       115
         364       0.26      0.06      0.10       101
         365       0.60      0.42      0.49       100
         366       0.40      0.06      0.10       109
         367       0.28      0.11      0.16       109
         368       0.24      0.10      0.15        96
         369       0.49      0.28      0.36       109
         370       0.24      0.11      0.15       103
         371       0.50      0.28      0.36       104
         372       0.33      0.14      0.20        93
         373       0.95      0.79      0.86       109
         374       0.54      0.31      0.39       107
         375       0.95      0.63      0.76        93
         376       0.46      0.22      0.29        88
         377       0.31      0.11      0.16       107
         378       0.90      0.66      0.76       116
         379       0.80      0.15      0.26       104
         380       0.89      0.53      0.66       102
         381       0.55      0.15      0.24       117
         382       0.93      0.71      0.80       104
         383       0.79      0.38      0.51        98
         384       0.53      0.08      0.14        98
         385       0.43      0.13      0.20       103
         386       0.53      0.26      0.35        95
         387       0.76      0.49      0.59       111
         388       0.66      0.33      0.44       105
         389       0.57      0.28      0.38       103
         390       0.67      0.44      0.53       110
         391       0.50      0.35      0.41        85
         392       0.39      0.11      0.17        98
         393       0.78      0.46      0.58       108
         394       0.76      0.52      0.62       102
         395       0.57      0.32      0.41       100
         396       0.85      0.48      0.61        86
         397       0.62      0.24      0.34       101
         398       0.56      0.17      0.26        84
         399       0.12      0.03      0.05       103
         400       0.58      0.32      0.41        95
         401       0.47      0.10      0.16        94
         402       0.61      0.20      0.30       111
         403       0.96      0.75      0.84        92
         404       0.38      0.13      0.19        92
         405       0.24      0.05      0.08       102
         406       0.21      0.06      0.10        96
         407       0.35      0.06      0.11        95
         408       0.60      0.41      0.49       100
         409       0.40      0.10      0.16       103
         410       0.97      0.83      0.90        84
         411       0.68      0.58      0.63       107
         412       0.32      0.10      0.16       105
         413       0.73      0.56      0.63        88
         414       0.62      0.51      0.56        81
         415       0.40      0.04      0.08        90
         416       0.86      0.56      0.68        90
         417       0.49      0.24      0.32       105
         418       0.12      0.03      0.05        99
         419       0.28      0.12      0.17        99
         420       0.57      0.25      0.35       104
         421       0.89      0.50      0.64       115
         422       0.52      0.29      0.37        90
         423       0.57      0.28      0.38        96
         424       0.26      0.09      0.14        76
         425       0.67      0.51      0.58        92
         426       0.34      0.21      0.26        90
         427       0.60      0.15      0.24       102
         428       0.38      0.11      0.18        96
         429       0.26      0.10      0.15        86
         430       0.22      0.11      0.14        84
         431       0.50      0.03      0.06        90
         432       0.53      0.20      0.29        96
         433       0.87      0.56      0.68       104
         434       0.71      0.23      0.35        87
         435       0.88      0.49      0.63        94
         436       0.10      0.03      0.04        75
         437       0.81      0.59      0.69        79
         438       0.42      0.23      0.29        97
         439       0.23      0.11      0.15        85
         440       0.93      0.72      0.81        97
         441       0.49      0.36      0.41        98
         442       0.30      0.04      0.06        83
         443       0.87      0.42      0.57        80
         444       0.16      0.07      0.10        72
         445       0.29      0.08      0.12        89
         446       0.54      0.17      0.26        76
         447       0.52      0.28      0.37        85
         448       0.86      0.58      0.69        88
         449       0.46      0.20      0.28        91
         450       0.53      0.10      0.16        94
         451       0.50      0.24      0.33        90
         452       0.16      0.06      0.09        78
         453       0.22      0.07      0.10        91
         454       0.29      0.03      0.05        80
         455       0.74      0.57      0.65        96
         456       0.20      0.02      0.04        84
         457       0.56      0.33      0.42        90
         458       0.76      0.24      0.36        93
         459       0.84      0.40      0.54        78
         460       0.35      0.14      0.20       101
         461       0.75      0.10      0.18        90
         462       0.27      0.18      0.22        82
         463       0.14      0.04      0.06        74
         464       0.50      0.33      0.39        89
         465       0.62      0.26      0.37        89
         466       0.39      0.16      0.23        87
         467       0.82      0.53      0.65        86
         468       0.00      0.00      0.00        66
         469       0.80      0.48      0.60        97
         470       0.76      0.32      0.45        98
         471       0.27      0.06      0.10        96
         472       0.51      0.28      0.36        76
         473       0.70      0.52      0.59        85
         474       0.91      0.51      0.66        84
         475       0.55      0.56      0.55        68
         476       0.30      0.12      0.17        76
         477       0.77      0.63      0.69        89
         478       0.32      0.12      0.18        89
         479       0.38      0.15      0.21        88
         480       0.57      0.10      0.16        84
         481       0.94      0.75      0.83        79
         482       0.25      0.05      0.08        80
         483       0.43      0.12      0.19        85
         484       0.40      0.17      0.24        71
         485       0.68      0.54      0.60        80
         486       0.53      0.30      0.38        94
         487       0.75      0.03      0.06        94
         488       0.66      0.51      0.58        82
         489       0.49      0.21      0.30        85
         490       0.82      0.45      0.58        91
         491       0.53      0.25      0.34        80
         492       0.76      0.62      0.68        60
         493       0.63      0.30      0.40        64
         494       0.51      0.23      0.31        80
         495       0.47      0.08      0.14        85
         496       0.93      0.71      0.81        76
         497       0.64      0.43      0.52        74
         498       0.67      0.38      0.49        81
         499       0.83      0.48      0.61        79

   micro avg       0.73      0.40      0.51    179094
   macro avg       0.58      0.32      0.40    179094
weighted avg       0.68      0.40      0.49    179094
 samples avg       0.50      0.39      0.41    179094

Time taken to run this cell: 0:15:13.929126
